[
  {
    "generation": "generation_0",
    "camp_ids": [
      "camp_0",
      "camp_1",
      "camp_2",
      "camp_3",
      "camp_4",
      "camp_5"
    ],
    "distance": [
      [
        0.0,
        0.22908366533864544,
        0.4462151394422311,
        0.2121513944223108,
        0.2649402390438247,
        0.16633466135458164
      ],
      [
        0.22908366533864544,
        0.0,
        0.2211155378486056,
        0.3276892430278885,
        0.42430278884462147,
        0.34760956175298807
      ],
      [
        0.4462151394422311,
        0.2211155378486056,
        0.0,
        0.26593625498007967,
        0.6125498007968128,
        0.48904382470119523
      ],
      [
        0.2121513944223108,
        0.3276892430278885,
        0.26593625498007967,
        0.0,
        0.4571713147410359,
        0.3545816733067729
      ],
      [
        0.2649402390438247,
        0.42430278884462147,
        0.6125498007968128,
        0.4571713147410359,
        0.0,
        0.34462151394422313
      ],
      [
        0.16633466135458164,
        0.34760956175298807,
        0.48904382470119523,
        0.3545816733067729,
        0.34462151394422313,
        0.0
      ]
    ]
  },
  {
    "generation": "generation_1",
    "camp_ids": [
      "camp_0",
      "camp_1",
      "camp_2",
      "camp_3",
      "camp_4",
      "camp_5",
      "camp_6",
      "camp_7",
      "camp_8"
    ],
    "distance": [
      [
        0.0,
        0.26593625498007967,
        0.398406374501992,
        0.2211155378486056,
        0.08366533864541836,
        0.18027888446215135,
        0.2838645418326693,
        0.3426294820717132,
        0.33964143426294824
      ],
      [
        0.26593625498007967,
        0.0,
        0.2400398406374502,
        0.3276892430278885,
        0.1822709163346613,
        0.08565737051792832,
        0.10956175298804782,
        0.1882470119521913,
        0.18127490039840632
      ],
      [
        0.398406374501992,
        0.2400398406374502,
        0.0,
        0.25697211155378485,
        0.40637450199203184,
        0.23406374501992033,
        0.21015936254980083,
        0.07569721115537853,
        0.1583665338645418
      ],
      [
        0.2211155378486056,
        0.3276892430278885,
        0.25697211155378485,
        0.0,
        0.149402390438247,
        0.40139442231075695,
        0.3715139442231076,
        0.2589641434262948,
        0.26195219123505975
      ],
      [
        0.08366533864541836,
        0.1822709163346613,
        0.40637450199203184,
        0.149402390438247,
        0.0,
        0.2639442231075697,
        0.2878486055776892,
        0.350597609561753,
        0.34362549800796816
      ],
      [
        0.18027888446215135,
        0.08565737051792832,
        0.23406374501992033,
        0.40139442231075695,
        0.2639442231075697,
        0.0,
        0.10358565737051795,
        0.1782868525896414,
        0.17529880478087645
      ],
      [
        0.2838645418326693,
        0.10956175298804782,
        0.21015936254980083,
        0.3715139442231076,
        0.2878486055776892,
        0.10358565737051795,
        0.0,
        0.28187250996015933,
        0.19920318725099606
      ],
      [
        0.3426294820717132,
        0.1882470119521913,
        0.07569721115537853,
        0.2589641434262948,
        0.350597609561753,
        0.1782868525896414,
        0.28187250996015933,
        0.0,
        0.08266932270916338
      ],
      [
        0.33964143426294824,
        0.18127490039840632,
        0.1583665338645418,
        0.26195219123505975,
        0.34362549800796816,
        0.17529880478087645,
        0.19920318725099606,
        0.08266932270916338,
        0.0
      ]
    ]
  },
  {
    "generation": "generation_2",
    "camp_ids": [
      "camp_0",
      "camp_1",
      "camp_2",
      "camp_3",
      "camp_4",
      "camp_5",
      "camp_6",
      "camp_7",
      "camp_8",
      "camp_9",
      "camp_10",
      "camp_11"
    ],
    "distance": [
      [
        0.0,
        0.1469712015888779,
        0.08341608738828199,
        0.10625620655412116,
        0.2512413108242304,
        0.32770605759682225,
        0.2462760675273088,
        0.24428997020854026,
        0.33763654419066536,
        0.41608738828202585,
        0.21946375372393245,
        0.10625620655412116
      ],
      [
        0.1469712015888779,
        0.0,
        0.22045680238331677,
        0.24925521350546176,
        0.10427010923535251,
        0.448857994041708,
        0.3733862959285005,
        0.10724925521350548,
        0.23038728897715988,
        0.2850049652432969,
        0.08242303872889767,
        0.24329692154915594
      ],
      [
        0.08341608738828199,
        0.22045680238331677,
        0.0,
        0.1082423038728898,
        0.24329692154915594,
        0.24428997020854026,
        0.3296921549155909,
        0.24031777557100298,
        0.4091360476663356,
        0.4081429990069514,
        0.1380337636544191,
        0.10427010923535251
      ],
      [
        0.10625620655412116,
        0.24925521350546176,
        0.1082423038728898,
        0.0,
        0.14498510427010924,
        0.22542204568023838,
        0.2214498510427011,
        0.2174776564051638,
        0.368421052631579,
        0.3098311817279047,
        0.24230387288977162,
        0.08540218470705063
      ],
      [
        0.2512413108242304,
        0.10427010923535251,
        0.24329692154915594,
        0.14498510427010924,
        0.0,
        0.3445878848063555,
        0.3505461767626614,
        0.08242303872889767,
        0.25918570009930486,
        0.18073485600794437,
        0.10724925521350548,
        0.22045680238331677
      ],
      [
        0.32770605759682225,
        0.448857994041708,
        0.24428997020854026,
        0.22542204568023838,
        0.3445878848063555,
        0.0,
        0.08540218470705063,
        0.34160873882820253,
        0.21847070506454813,
        0.16385302879841113,
        0.36643495531281034,
        0.2214498510427011
      ],
      [
        0.2462760675273088,
        0.3733862959285005,
        0.3296921549155909,
        0.2214498510427011,
        0.3505461767626614,
        0.08540218470705063,
        0.0,
        0.34359483614697117,
        0.14895729890764653,
        0.16981132075471694,
        0.44587884806355516,
        0.22542204568023838
      ],
      [
        0.24428997020854026,
        0.10724925521350548,
        0.24031777557100298,
        0.2174776564051638,
        0.08242303872889767,
        0.34160873882820253,
        0.34359483614697117,
        0.0,
        0.2621648460774578,
        0.26315789473684215,
        0.10427010923535251,
        0.1380337636544191
      ],
      [
        0.33763654419066536,
        0.23038728897715988,
        0.4091360476663356,
        0.368421052631579,
        0.25918570009930486,
        0.21847070506454813,
        0.14895729890764653,
        0.2621648460774578,
        0.0,
        0.0784508440913605,
        0.31281032770605754,
        0.3604766633565045
      ],
      [
        0.41608738828202585,
        0.2850049652432969,
        0.4081429990069514,
        0.3098311817279047,
        0.18073485600794437,
        0.16385302879841113,
        0.16981132075471694,
        0.26315789473684215,
        0.0784508440913605,
        0.0,
        0.28798411122144985,
        0.3853028798411122
      ],
      [
        0.21946375372393245,
        0.08242303872889767,
        0.1380337636544191,
        0.24230387288977162,
        0.10724925521350548,
        0.36643495531281034,
        0.44587884806355516,
        0.10427010923535251,
        0.31281032770605754,
        0.28798411122144985,
        0.0,
        0.24031777557100298
      ],
      [
        0.10625620655412116,
        0.24329692154915594,
        0.10427010923535251,
        0.08540218470705063,
        0.22045680238331677,
        0.2214498510427011,
        0.22542204568023838,
        0.1380337636544191,
        0.3604766633565045,
        0.3853028798411122,
        0.24031777557100298,
        0.0
      ]
    ]
  },
  {
    "generation": "generation_3",
    "camp_ids": [
      "camp_0",
      "camp_1",
      "camp_2",
      "camp_3",
      "camp_4",
      "camp_5",
      "camp_6"
    ],
    "distance": [
      [
        0.0,
        0.08540218470705063,
        0.10427010923535251,
        0.17576961271102287,
        0.10724925521350548,
        0.2850049652432969,
        0.3634558093346574
      ],
      [
        0.08540218470705063,
        0.0,
        0.1082423038728898,
        0.16981132075471694,
        0.10526315789473684,
        0.28897715988083417,
        0.4389275074478649
      ],
      [
        0.10427010923535251,
        0.1082423038728898,
        0.0,
        0.19860973187686193,
        0.08242303872889767,
        0.18073485600794437,
        0.3406156901688183
      ],
      [
        0.17576961271102287,
        0.16981132075471694,
        0.19860973187686193,
        0.0,
        0.2711022840119166,
        0.3634558093346574,
        0.2850049652432969
      ],
      [
        0.10724925521350548,
        0.10526315789473684,
        0.08242303872889767,
        0.2711022840119166,
        0.0,
        0.26315789473684215,
        0.33366434955312807
      ],
      [
        0.2850049652432969,
        0.28897715988083417,
        0.18073485600794437,
        0.3634558093346574,
        0.26315789473684215,
        0.0,
        0.15988083416087384
      ],
      [
        0.3634558093346574,
        0.4389275074478649,
        0.3406156901688183,
        0.2850049652432969,
        0.33366434955312807,
        0.15988083416087384,
        0.0
      ]
    ]
  },
  {
    "generation": "generation_4",
    "camp_ids": [
      "camp_0",
      "camp_1",
      "camp_2",
      "camp_3",
      "camp_4",
      "camp_5"
    ],
    "distance": [
      [
        0.0,
        0.10406342913776012,
        0.08622398414271559,
        0.28543111992071357,
        0.23984142715559964,
        0.20911793855302274
      ],
      [
        0.10406342913776012,
        0.0,
        0.1090188305252725,
        0.18136769078295345,
        0.1357779980178394,
        0.23191278493557976
      ],
      [
        0.08622398414271559,
        0.1090188305252725,
        0.0,
        0.28840436075322096,
        0.23290386521308226,
        0.12685827552031714
      ],
      [
        0.28543111992071357,
        0.18136769078295345,
        0.28840436075322096,
        0.0,
        0.2993062438057482,
        0.3954410307234886
      ],
      [
        0.23984142715559964,
        0.1357779980178394,
        0.23290386521308226,
        0.2993062438057482,
        0.0,
        0.10604558969276512
      ],
      [
        0.20911793855302274,
        0.23191278493557976,
        0.12685827552031714,
        0.3954410307234886,
        0.10604558969276512,
        0.0
      ]
    ]
  }
]